

Results from heasarc_hipparcos: Hipparcos Main Catalog
Coordinate system:  Equatorial
|ra           |dec          |parallax|spect_type  |hip_number|vmag |
|09 56 40.1425|-89 46 56.834|    4.17|A0IV        |     48752| 7.84|
|14 35 30.7958|-89 46 18.106|    2.08|M4III       |     71348| 6.82|
|08 42 04.4511|-89 27 37.806|    2.39|M1III       |     42708| 7.20|
|16 05 55.4426|-89 18 30.416|   11.95|F2/F3V      |     78866| 7.83|
|04 52 20.1908|-89 16 26.258|    4.42|A3m...      |     22645| 8.86|
|11 03 48.6571|-89 14 21.027|    9.18|F0IV/V      |     54065| 7.54|
|00 45 29.9035|-89 10 08.371|    7.74|G2V:        |      3560| 9.69|
|18 33 32.5319|-89 08 14.841|    2.96|K0III+...   |     90987| 8.06|
|08 11 32.4667|-89 00 15.717|    5.42|A7III       |     40104| 8.25|
|21 08 46.0141|-88 57 23.440|   12.07|F0III       |    104382| 5.45|
|05 07 36.7534|-88 52 13.123|    4.78|A1m...      |     23845| 8.73|
|07 23 35.7608|-88 51 07.138|    4.07|B9V         |     35861| 8.52|
|22 45 29.5947|-88 49 05.547|    9.99|A7IV        |    112355| 6.55|
|18 47 47.3136|-88 46 32.126|    2.69|K1/K2III    |     92231| 8.73|
|06 26 47.2514|-88 44 37.443|    4.28|B8IV        |     30678| 7.36|
|10 04 40.9162|-88 40 25.687|    3.36|F0IV/V      |     49368| 9.10|
|15 40 05.3109|-88 39 16.458|    1.80|K5III       |     76725| 7.58|
|18 48 45.3203|-88 38 25.415|    7.13|F3V         |     92300| 9.47|
|08 00 00.5870|-88 36 21.659|    4.26|K3          |     39106| 9.14|
|06 51 15.6627|-88 32 07.199|   15.94|G2V         |     32897| 8.69|
|13 41 12.2721|-88 29 01.201|    1.93|A0III/IV    |     66780| 9.06|
|07 48 12.1655|-88 27 20.015|    7.13|G2V         |     38078| 9.21|
|21 11 23.3838|-88 27 10.584|    3.05|K4III:      |    104602| 8.61|
|12 18 46.7481|-88 24 53.801|    5.16|B9V         |     60041| 6.63|
|06 08 03.0757|-88 22 28.973|    0.92|K1III:      |     29078| 9.06|
|00 12 33.6749|-88 21 46.351|    1.73|B9.5IV      |      1007| 7.22|
|01 49 11.4007|-88 21 26.809|    3.10|B9/B9.5V    |      8469| 7.94|
|11 08 20.7171|-88 21 00.997|    3.99|K1/K2III/IV |     54441| 8.44|
|04 49 02.4218|-88 16 16.247|    2.77|M2III       |     22379| 7.17|
|02 18 34.6824|-88 08 44.447|    5.55|G8IV        |     10768| 8.25|
|15 28 20.6840|-88 07 58.132|   15.54|Am          |     75736| 6.49|
|12 50 22.3532|-88 07 15.564|    8.73|F6/F7V      |     62662| 9.23|
|09 23 23.2835|-87 58 26.321|    2.62|K2          |     46043| 9.68|
|23 16 17.0387|-87 57 37.874|    0.57|M2III       |    114889| 8.24|
|02 46 20.8195|-87 54 43.681|    2.69|A4IVp...    |     12931| 9.32|
|07 38 31.7915|-87 54 21.998|    0.22|K0          |     37199| 9.59|
|01 12 38.8057|-87 51 52.657|    7.28|G3V:        |      5654| 9.94|
|19 50 52.6000|-87 50 42.836|    2.94|F5V         |     97658| 9.82|
|20 13 43.8800|-87 49 21.700|   12.24|G0V+...     |     99687| 8.44|
|04 21 15.6545|-87 48 47.202|   17.08|F5V         |     20325| 7.50|
|22 21 43.2872|-87 48 17.848|   16.23|G3/G5IV     |    110397| 9.26|
|15 44 44.9429|-87 46 35.168|    4.51|G6V         |     77114| 8.77|
|10 17 30.0911|-87 43 42.439|    3.65|K1III       |     50402| 8.69|
|08 20 17.6047|-87 43 41.090|    6.76|F5IV/V      |     40861| 7.64|
|15 24 16.5334|-87 42 42.929|    7.98|G6III       |     75386| 7.50|
|00 20 41.4723|-87 40 01.424|   11.33|G2V         |      1649| 8.73|
|14 02 16.8746|-87 36 55.290|    2.44|K0III       |     68569| 8.50|
|18 54 47.6484|-87 36 19.854|   13.06|K3III       |     92824| 5.29|
|17 16 00.8395|-87 33 57.225|    5.32|G5III       |     84461| 6.58|
|13 15 29.4847|-87 33 37.095|   40.52|G5IV-V      |     64690| 7.11|
|23 19 55.5436|-87 33 22.647|    6.57|F5V         |    115193| 8.56|
|23 28 03.5667|-87 28 56.071|    6.24|K2III       |    115836| 5.50|
|20 28 16.4949|-87 28 19.438|   12.81|G3V         |    100968| 8.10|
|00 11 08.8041|-87 24 51.256|    4.41|F8/G0V      |       903| 8.85|
|11 55 59.9919|-87 24 11.516|    0.45|K1/K2III:   |     58185| 9.17|
|17 58 41.2596|-87 21 52.077|    5.39|K2/K3III    |     88018| 7.66|
|01 16 36.4899|-87 20 25.610|    1.69|K4/K5III    |      5953| 7.93|
|02 19 08.8728|-87 19 17.448|    5.60|A3m...      |     10809| 9.23|
|02 58 12.7438|-87 19 13.975|   12.49|F6V         |     13844| 8.28|
|22 36 59.4766|-87 19 13.409|    3.49|K0III       |    111644| 7.47|
|06 58 52.1192|-87 18 17.128|    9.94|F6IV        |     33601| 8.60|
|17 07 13.5763|-87 17 49.494|    7.47|F3/F5V      |     83769| 8.30|
|11 35 44.1257|-87 16 09.859|   17.09|G5IV/V      |     56557| 8.93|
|15 49 04.9160|-87 15 59.166|   16.40|F5V         |     77470| 7.81|
|17 55 53.2345|-87 14 24.955|    2.98|K3/K4III    |     87780| 7.96|
|09 29 13.2672|-87 14 12.915|    1.39|B6III       |     46512| 8.21|
|01 50 16.8491|-87 13 42.358|    6.94|F5/F6V      |      8550| 9.22|
|13 08 20.6080|-87 13 10.246|   27.10|G6IV/V      |     64109| 8.20|
|03 17 29.7259|-87 12 57.645|    2.96|A4:m...     |     15307| 9.05|
|17 00 26.9052|-87 12 09.830|   20.11|G8/K0V      |     83217| 9.41|
|21 33 46.5071|-87 11 13.491|    2.99|G8/K0III    |    106463| 8.47|
|19 11 09.5686|-87 11 12.084|    1.92|M0/M1III:   |     94254| 8.63|
|15 06 03.1185|-87 10 26.814|   12.52|F5/F6V      |     73883| 8.27|
|09 20 30.2955|-87 10 00.000|    2.85|A0IV        |     45816| 9.07|
|16 51 05.6420|-87 08 12.416|    0.18|M3          |     82459| 9.11|
|21 23 08.5686|-87 03 07.515|   19.10|G8:III:+... |    105585| 8.80|
|21 22 52.9811|-87 02 54.019|    3.20|G5          |    105569| 8.87|
|06 46 58.5197|-87 01 29.908|   25.55|F3V         |     32500| 6.46|
|06 49 50.6429|-86 55 57.014|    5.37|F2IV/V      |     32760| 8.98|
|04 19 45.1017|-86 55 35.808|    1.82|G8III       |     20198| 8.70|
|09 54 53.1980|-86 54 37.017|    4.44|K3III       |     48620| 7.31|
|05 44 10.3040|-86 54 07.916|    3.98|G8III       |     27050| 8.31|
|10 38 20.4276|-86 53 49.958|   16.91|G5/G6IV     |     52065| 7.51|
|17 39 22.9478|-86 53 06.488|    8.63|F5/F6III/IV |     86410| 7.56|
|06 03 19.6652|-86 47 10.034|    4.74|F3IV/V      |     28682| 9.59|
|20 57 14.6721|-86 46 50.873|    3.82|B9.5:Vn     |    103426| 7.61|
|07 34 15.9128|-86 46 20.728|    0.73|K0/K1II/III |     36813| 8.60|
|12 07 00.5608|-86 45 36.555|    2.51|G8II        |     59086| 9.04|
|13 40 26.6589|-86 43 30.569|    3.45|G8/K0III    |     66710| 7.64|
|00 35 16.1932|-86 42 18.836|    5.16|F2V         |      2764| 8.81|
|02 57 19.7215|-86 42 06.907|    7.40|F5IV        |     13778| 8.93|
|18 34 37.9394|-86 39 45.190|    5.16|F5V         |     91074| 8.67|
|08 53 13.3613|-86 33 44.290|    3.63|G8/K0III    |     43636| 8.47|
|08 16 17.4523|-86 33 26.654|   10.44|A1IV/V      |     40514| 6.76|
|10 20 13.8423|-86 33 24.815|   13.45|F5IV        |     50605| 7.80|
|22 13 07.7547|-86 28 45.415|    4.64|A2IV        |    109686| 8.23|
|15 04 55.6855|-86 28 17.642|    4.39|K0III       |     73791| 7.69|
|13 28 50.0751|-86 26 58.231|   17.94|G5/G6V      |     65758| 9.19|
|02 50 55.3112|-86 25 11.681|    6.41|G3/G5IV/V   |     13281| 9.68|
|23 39 12.8725|-86 23 56.225|    8.76|F0IV        |    116717| 7.93|
|14 51 02.6090|-86 23 41.084|    1.58|K4III       |     72636| 7.69|
|05 52 18.0704|-86 23 36.632|    3.19|G8III       |     27734| 8.57|
|08 21 27.4517|-86 22 36.835|   11.82|F5V         |     40951| 8.47|
|23 03 16.0510|-86 22 27.941|    1.43|R...        |    113840| 8.77|
|10 34 16.0522|-86 22 15.274|    9.80|F5V         |     51737| 8.04|
|17 00 58.4420|-86 21 51.470|    5.45|A2V         |     83255| 6.05|
|17 45 51.7845|-86 17 54.278|    5.68|F0IIw...    |     86937| 9.71|
|07 14 06.5512|-86 15 04.797|   11.86|F8V         |     34967| 8.60|
|04 02 44.1507|-86 14 43.427|    6.89|F2/F3III    |     18872| 7.95|
|11 08 41.3355|-86 13 51.393|    3.37|M2III       |     54474| 6.87|
|17 10 08.9231|-86 12 15.209|    4.68|A5V         |     83987| 8.48|
|18 49 06.5677|-86 11 42.927|   13.36|F5V         |     92332| 7.98|
|04 10 50.4749|-86 11 40.015|    2.45|F5IV        |     19514| 8.71|
|01 58 54.7285|-86 11 03.891|    7.09|F3V         |      9250| 9.45|
|20 35 01.7491|-86 09 49.000|    6.91|F6V         |    101562| 9.23|
|16 07 00.8207|-86 09 38.006|    7.30|F7V         |     78948| 9.52|
|22 27 42.2600|-86 09 20.352|   16.19|K0III       |    110867| 8.10|
|12 25 38.2778|-86 09 02.149|    4.26|K0III       |     60638| 6.32|
|03 20 37.9616|-86 08 17.767|    6.75|F6V         |     15574| 8.73|
|20 26 12.4060|-86 06 17.284|    3.87|G8III       |    100793| 7.57|
|10 30 49.2759|-86 05 26.442|    8.68|A1/A2IV/V   |     51472| 6.64|
|15 50 40.8868|-86 05 06.424|    4.08|F2/F3V      |     77613| 9.40|
|05 52 04.2997|-86 04 30.733|    9.48|F0IV        |     27710| 8.13|
|00 07 36.7752|-86 02 19.594|    2.53|B9IV        |       620| 7.39|
|19 08 20.0356|-86 00 50.932|    4.55|A8/A9V      |     94002| 8.16|
|09 33 18.0883|-86 00 36.080|   10.70|F3/F5IV+... |     46892| 7.08|
|09 33 03.3546|-86 00 34.555|   11.06|F2          |     46870| 7.60|
|22 31 37.8279|-85 58 02.647|    9.88|K0III       |    111196| 5.76|
|13 54 16.9461|-85 57 32.514|    8.02|F3IV        |     67891| 8.63|
|09 59 26.7489|-85 57 15.317|    6.71|F0IV        |     48976| 9.14|
|03 25 40.1175|-85 56 46.521|    1.31|F0V         |     15974| 9.18|
|01 34 01.3537|-85 56 09.144|    2.37|K3III:      |      7302| 9.10|
|11 08 00.2547|-85 55 03.567|    2.72|G8III       |     54409| 8.91|
|07 41 26.9479|-85 54 58.688|    7.63|A9II/III    |     37470| 8.13|
|05 39 59.3255|-85 54 51.634|    7.33|G8III       |     26661| 6.77|
|22 03 38.9546|-85 54 09.426|    9.20|G0IV/V      |    108907| 8.43|
|23 52 48.8933|-85 53 43.961|    5.92|A1m...      |    117751| 7.96|
|00 44 21.2291|-85 53 29.491|   15.37|F8/G0V      |      3470| 8.28|
|02 42 07.7925|-85 51 29.201|    5.48|A3/A4V      |     12610| 8.31|
|21 52 11.1496|-85 50 11.637|   10.51|F7V         |    107949| 7.70|
|17 55 23.0733|-85 49 47.624|    3.24|G8II        |     87742| 8.36|
|13 35 31.4581|-85 49 27.361|    4.33|B9.5IV      |     66323| 7.12|
|01 41 57.4189|-85 47 43.840|    4.00|K1III       |      7931| 8.65|
|13 40 56.1753|-85 47 09.572|   12.71|A2m...      |     66753| 5.56|
|12 06 42.4542|-85 46 49.455|    5.45|A1/A2IV     |     59059| 8.07|
|08 57 53.4107|-85 44 56.049|    5.56|F3/F5IV/V   |     44020| 8.71|
|11 06 13.4042|-85 44 55.911|    5.38|B9.5IV      |     54279| 7.26|
|06 46 27.3020|-85 44 45.951|    3.75|A1IV/V      |     32458| 9.91|
|21 26 30.4838|-85 43 21.473|    8.05|K0IV/V      |    105871| 8.88|
|02 21 40.6361|-85 43 04.440|    7.44|F0IV/V      |     10993| 7.82|
|23 29 16.3228|-85 42 33.840|    1.40|G5III       |    115928| 7.42|
|18 38 49.9193|-85 42 31.853|   15.89|G0V         |     91434| 8.11|
|00 39 38.1504|-85 42 03.040|    6.18|K5III       |      3114| 6.81|
|08 02 20.7607|-85 41 27.304|    1.30|K2III:      |     39319| 9.10|
|15 19 43.9546|-85 40 46.495|   13.20|F8/G0V      |     75015| 8.58|
|08 56 41.8833|-85 39 47.644|   20.73|F0III       |     43908| 5.43|
|03 03 13.1314|-85 38 21.733|    1.66|Mb          |     14210| 8.89|
|21 23 06.7967|-85 38 19.545|    2.09|K5          |    105581| 7.22|
|12 02 32.9794|-85 38 14.909|    5.01|F8          |     58713| 9.15|
|12 02 20.6761|-85 37 54.339|    9.74|K3III       |     58697| 6.05|
|12 29 12.6789|-85 34 45.297|   11.73|F6V         |     60926| 8.12|
|18 57 41.5396|-85 33 54.984|    2.56|M2III       |     93082| 8.01|
|13 15 44.6456|-85 33 40.263|    3.41|Ap...       |     64709| 8.30|
|21 22 26.3198|-85 32 26.443|    5.94|A2          |    105532| 8.21|
|16 30 40.3917|-85 30 38.347|    3.51|K2/K3III    |     80852| 8.15|
|22 42 56.5474|-85 30 35.859|    2.30|K2III       |    112146| 7.88|
|11 37 35.1144|-85 29 11.386|   11.36|F2III/IV    |     56706| 7.47|
|05 01 29.8338|-85 29 10.377|    7.28|F5V         |     23372| 9.16|
|07 36 24.4557|-85 26 08.527|    4.82|A7/A8V      |     37010| 8.71|
|00 38 45.6815|-85 24 44.533|   26.42|G8V         |      3053| 7.74|
|04 50 32.8960|-85 22 30.269|   23.20|G3V         |     22504| 8.14|
|13 05 10.4795|-85 22 10.637|    2.68|K1III       |     63852| 8.60|
|14 38 10.0738|-85 17 37.109|    8.32|F7/F8V      |     71564| 8.65|
|21 23 39.9195|-85 17 17.826|    5.59|A2/A3V      |    105628| 7.89|
|17 03 47.8265|-85 17 13.189|    4.52|A2/A3IV     |     83487| 9.24|
|10 34 05.8297|-85 16 53.650|    4.94|K1III       |     51723| 7.66|
|03 42 32.6899|-85 15 43.282|    6.78|B9V         |     17328| 6.40|
|00 37 08.7568|-85 15 09.053|    3.74|K1III:      |      2928| 8.07|
|18 01 34.2092|-85 12 52.114|   14.91|F4V         |     88274| 6.45|
|21 18 00.0923|-85 12 04.110|    5.99|K0III       |    105145| 7.01|
|10 37 40.9949|-85 11 40.400|    6.19|B9.5V       |     52020| 7.82|
|03 39 34.2208|-85 11 40.258|    2.81|K2/K3III:   |     17079| 8.96|
|02 44 51.8310|-85 09 32.413|    1.85|K2III       |     12823| 8.20|
|12 54 58.3478|-85 07 24.321|    8.79|K0III       |     63031| 5.45|
|11 46 59.6746|-85 06 27.524|    3.49|B8/B9V      |     57484| 8.18|
|18 08 52.9209|-85 05 03.790|    1.94|G6III       |     88896| 8.82|
|20 47 13.7778|-85 04 56.298|    2.98|G8III       |    102575| 8.92|
|10 07 33.3650|-85 04 36.445|    8.93|G3V         |     49616| 8.66|
|08 18 29.9231|-85 04 35.139|    3.17|K5/M0III:   |     40701| 8.23|
|06 10 51.7917|-85 03 46.683|    3.47|G8III/IV    |     29313| 8.55|
|12 14 59.6054|-85 03 27.388|    6.76|F3/F5V      |     59731| 9.53|
|01 52 58.2497|-85 02 05.502|    3.09|A0IV/V      |      8783| 8.27|
|21 54 22.4834|-85 02 00.900|    7.33|K0/K1III    |    108129| 6.59|
|07 07 34.6201|-85 01 35.419|    4.92|A5IV/V      |     34374| 8.45|
|02 35 42.3859|-85 01 01.168|    4.99|K1III       |     12078| 7.22|
|12 21 49.8876|-85 00 36.557|    5.72|G8IIICN...  |     60297| 9.13|
|16 54 55.3976|-85 00 35.487|    3.35|K0III       |     82768| 7.79|
|23 13 46.9474|-85 00 33.969|    1.90|M...        |    114668| 9.26|
|18 36 18.2748|-85 00 27.240|    3.88|A3m...      |     91202| 9.37|
|19 38 33.4081|-85 00 16.540|   10.72|G1V         |     96614| 8.27|
|00 13 19.5485|-84 59 38.474|    4.00|M0/M1III    |      1074| 5.78|
|11 25 18.0618|-84 57 16.448|   12.07|F5V         |     55746| 7.64|
|16 37 01.0745|-84 56 48.531|    4.70|K1III       |     81367| 8.26|
|00 50 00.7807|-84 56 06.870|    4.76|F5V         |      3899| 8.72|
|20 02 55.3131|-84 55 10.926|    2.34|G8III       |     98708| 9.21|
|05 42 58.7216|-84 54 03.639|    5.15|F0IV        |     26932| 7.93|
|23 08 58.3156|-84 52 47.408|    0.54|K0III       |    114306| 8.86|
|04 43 36.0049|-84 48 39.923|    3.79|            |     21989| 9.20|
|21 32 02.8627|-84 48 35.988|    4.89|K3III       |    106320| 6.42|
|04 29 16.6508|-84 48 18.389|    1.91|M4/M5III    |     20930| 8.41|
|14 03 41.5876|-84 47 29.536|    4.10|K2III       |     68695| 8.57|
|15 11 08.7938|-84 47 16.159|   10.24|B9.5V       |     74296| 5.88|
|05 30 13.9318|-84 47 06.761|    9.35|A1V         |     25776| 6.18|
|01 37 27.7799|-84 46 10.741|    8.94|K0III       |      7568| 5.66|
|15 40 51.6606|-84 45 26.541|    4.86|K0III       |     76800| 8.84|
|21 19 24.8403|-84 45 22.408|   15.20|F6/F7V      |    105274| 7.76|
|01 55 41.8707|-84 45 04.192|    2.33|M1III       |      8976| 6.97|
|18 46 50.0163|-84 43 36.254|    3.59|K1III       |     92145| 8.77|
|19 28 53.8616|-84 43 11.833|   13.00|G5IV        |     95781| 7.70|
|03 27 46.9101|-84 42 56.659|    8.90|K0IV        |     16131| 8.05|
|17 35 27.6492|-84 41 48.242|    7.66|F8V         |     86072| 8.48|
|08 31 19.9327|-84 41 06.122|    1.29|K1III       |     41796| 8.91|
|22 22 02.5275|-84 39 58.304|    4.29|M7III       |    110428| 8.73|
|17 07 02.5789|-84 39 55.185|   15.32|G0V         |     83751| 8.67|
|09 16 46.5765|-84 39 37.221|    4.91|K0III       |     45532| 7.14|
|09 15 55.4891|-84 38 52.711|    2.57|M...        |     45469| 8.40|
|02 14 28.1978|-84 37 25.334|    1.23|B9IV/V      |     10436| 9.95|
|09 14 34.9027|-84 37 24.163|    5.57|K1III       |     45357| 7.86|
|15 33 34.8519|-84 36 31.344|   12.09|G0V         |     76178| 9.02|
|10 59 14.1647|-84 35 37.945|    9.17|A1V         |     53702| 6.19|
|14 40 33.5265|-84 34 16.949|    6.85|K0/K1III    |     71747| 9.18|
|14 13 34.1444|-84 32 40.665|    8.75|K0/K1III    |     69487| 6.78|
|17 22 56.7847|-84 30 45.321|    8.21|G3V         |     85054| 9.09|
|04 13 46.7401|-84 29 08.930|    0.37|B1Iab:      |     19732| 7.20|
|14 00 32.2230|-84 28 56.948|    3.49|K0III       |     68429| 8.57|
|10 56 38.2714|-84 28 42.827|    4.02|B9III       |     53498| 8.45|
|07 11 38.4709|-84 28 09.872|    4.84|B9/B9.5V    |     34753| 7.53|
|15 43 16.1008|-84 27 55.829|   15.02|A2V         |     76996| 5.57|
|13 16 09.2164|-84 27 46.193|    8.45|F6V         |     64743| 8.58|
|16 24 28.1161|-84 27 19.700|   10.45|G2V         |     80382| 8.67|
|08 10 06.6568|-84 26 41.771|    1.45|M2III       |     39998| 7.73|
|11 07 45.6205|-84 26 12.914|    4.46|K0III       |     54391| 7.89|
|21 58 24.7930|-84 26 07.557|    2.70|K1III       |    108469| 8.98|
|20 42 33.5487|-84 24 25.380|   11.89|A1m...      |    102205| 6.94|
|18 00 47.0464|-84 24 20.662|    5.05|A3IV        |     88209| 8.49|
|18 59 59.9174|-84 24 05.445|   11.96|F8/G0V      |     93276| 9.22|
|18 28 06.3463|-84 23 14.041|    5.47|B8/B9V      |     90509| 6.49|
|19 30 33.4877|-84 23 01.899|   10.09|F5V         |     95930| 8.60|
|20 00 44.8197|-84 23 01.825|    1.70|K1III       |     98509| 9.21|
|04 33 17.8661|-84 22 34.941|    3.34|G8III       |     21235| 8.76|
|10 26 14.3348|-84 20 54.052|    2.25|M5/M6e      |     51084| 8.18|
|07 25 22.3230|-84 20 24.307|    1.89|G8/K0III    |     36020| 8.77|
|23 57 34.5448|-84 19 55.831|    2.33|K0III       |    118119| 9.08|
|21 21 21.0194|-84 18 35.340|    4.44|F5II/III    |    105428| 7.50|
|17 02 18.4474|-84 18 13.277|    0.68|M3III       |     83366| 7.97|
|12 17 33.7983|-84 17 26.089|   10.47|F5V         |     59928| 8.49|
|02 46 12.5108|-84 16 58.842|   15.84|G8V         |     12921| 9.81|
|12 36 04.9779|-84 16 29.214|    2.36|B9.5IV/V    |     61501| 8.28|
|22 51 19.6144|-84 15 49.469|   15.86|M...        |    112859| 9.88|
|16 10 16.9831|-84 13 53.530|   27.88|K0V         |     79242| 7.70|
|10 31 03.4085|-84 13 12.716|    4.72|F2V         |     51499| 9.07|
|04 15 58.9537|-84 10 52.853|    6.17|K0/K1III    |     19890| 6.99|
|03 35 57.9584|-84 09 47.081|    5.88|G3IV/V      |     16781| 9.46|
|14 36 06.2171|-84 08 54.359|    3.11|K3III       |     71404| 7.18|
|21 43 15.0626|-84 08 35.885|   16.56|G3V         |    107239| 8.88|
|10 28 23.8208|-84 08 19.511|    7.51|F5V         |     51272| 8.80|
|22 40 58.9302|-84 08 12.055|   11.23|F6V         |    111982| 8.81|
|16 15 44.2332|-84 07 28.552|   19.72|G3V         |     79682| 8.74|
|17 51 51.7731|-84 06 40.084|   13.71|G0V         |     87414| 7.63|
|00 06 04.1718|-84 05 53.549|    1.80|K3III       |       507| 8.51|
|11 30 10.9385|-84 05 44.261|    3.24|B9III/IV    |     56114| 8.17|
|20 16 11.4834|-84 05 26.113|   15.99|G8IV/V      |     99902| 9.72|
|08 28 11.8663|-84 05 23.150|    4.51|F0V         |     41528| 8.55|
|10 05 39.2725|-84 05 20.136|   14.41|F8V         |     49442| 7.18|
|00 38 36.6804|-84 05 14.337|    7.02|F0IV/V      |      3036| 8.55|
|03 42 03.5137|-84 05 00.825|    5.11|F3II/III    |     17287| 7.67|
|19 34 58.4270|-84 04 33.006|   10.12|F7/F8V      |     96311| 8.46|
|04 59 15.8443|-84 01 21.193|    5.33|F0IV/V      |     23180| 9.90|
|00 46 30.4581|-84 00 42.239|    6.13|G8V         |      3627| 8.53|
|06 46 13.4319|-83 59 30.064|   17.46|F5V         |     32435| 7.46|
|21 50 38.6008|-83 57 39.496|    3.22|B8V         |    107823| 7.64|
|22 01 43.4110|-83 57 10.965|    5.66|G3V         |    108744| 9.12|
|19 02 14.4335|-83 56 23.134|    4.01|Ap...       |     93481| 7.50|
|21 07 13.8443|-83 55 27.362|    5.24|F2V         |    104244| 8.47|
|07 13 19.0883|-83 55 25.656|    2.86|M0III       |     34905| 7.98|
|15 09 34.4772|-83 54 34.206|    3.58|A7II        |     74187| 7.83|
|13 39 56.2346|-83 54 30.092|   11.87|F5V         |     66660| 7.22|
|16 32 25.8511|-83 54 09.448|    1.48|A9:Ia/Iab   |     80990| 9.65|
|05 30 02.6926|-83 52 06.991|    8.52|F7V         |     25758| 9.23|
|04 53 49.9259|-83 51 56.972|    5.04|F3V         |     22763| 9.05|
|23 47 37.4350|-83 51 42.779|    5.13|G8/K0III/IV |    117347| 7.80|
|05 07 18.3135|-83 51 36.930|   21.01|F8V         |     23824| 6.80|
|13 15 09.9623|-83 50 36.432|    3.75|F7/F8IV/V   |     64652| 9.78|
|06 24 55.7837|-83 49 50.318|    9.03|G3/G5IV/V   |     30523| 9.33|
|12 29 00.6090|-83 48 09.675|    4.52|B8V         |     60912| 6.61|
|19 58 09.1989|-83 46 55.436|    3.03|K3III       |     98279| 7.99|
|11 20 17.3729|-83 46 50.984|    4.24|K0III       |     55372| 8.47|
|13 09 39.7996|-83 46 47.276|    1.04|K0          |     64213| 9.60|
|12 11 09.4416|-83 46 41.505|    5.15|Ap Si       |     59404| 7.38|
|16 05 01.9121|-83 46 37.592|    3.29|A1V         |     78783| 8.55|
|06 59 45.3662|-83 45 09.732|    5.42|G8III       |     33675| 7.42|
|00 50 09.1572|-83 44 38.298|   16.94|F7V         |      3911| 7.94|
|22 45 37.5098|-83 44 30.768|    8.35|F3IV/V      |    112372| 7.85|
|09 10 41.1591|-83 44 29.446|    4.90|G8/K0III    |     45061| 7.57|
|16 51 41.6712|-83 43 35.854|    4.96|F3V         |     82501| 9.25|
|21 56 42.4465|-83 43 35.487|   13.80|G8IV/V      |    108322| 9.30|
|07 53 29.4071|-83 43 18.655|    5.88|A6IV/V      |     38537| 8.18|
|15 31 42.9017|-83 42 45.018|    5.75|K0III       |     76032| 8.49|
|20 46 05.5551|-83 41 15.347|    4.89|A2m...      |    102484| 8.66|
|17 19 59.5755|-83 40 56.327|   13.55|G3V         |     84800| 9.12|
|14 26 55.7408|-83 40 04.271|   11.70|K2III       |     70638| 4.31|
|09 56 16.7297|-83 39 36.898|    2.81|A3V         |     48724| 9.13|
|12 45 23.9289|-83 39 27.565|    8.05|G0V         |     62239| 8.87|
|19 42 08.2367|-83 39 15.209|   10.51|G3V         |     96923| 9.32|
|15 04 58.2632|-83 38 51.117|    3.38|G8/K0III    |     73796| 8.18|
|19 25 32.0517|-83 38 21.031|    4.40|F6IV/V      |     95507| 8.97|
|07 38 45.7415|-83 38 12.146|    2.60|G0          |     37226| 9.06|
|04 11 55.1935|-83 36 07.032|    7.09|G0V         |     19589| 8.46|
|16 32 30.4456|-83 35 32.002|    3.71|F3IVp...    |     80996| 7.91|
|01 05 08.6531|-83 35 25.337|    4.73|K0III       |      5084| 7.37|
|02 49 46.5561|-83 34 10.418|    3.51|K1III       |     13195| 8.54|
|18 51 09.6848|-83 33 46.928|    5.46|K0III       |     92509| 7.66|
|23 25 34.6825|-83 33 03.131|    3.16|F7V         |    115641| 9.23|
|14 17 31.8218|-83 32 52.075|    1.73|G8/K0II/III |     69834| 8.97|
|16 37 17.5322|-83 32 50.038|   21.41|K0V         |     81390| 8.31|
|03 09 53.8030|-83 31 53.790|    4.16|F2/F3Ib/II  |     14700| 7.61|
|06 09 45.2488|-83 31 21.805|    6.56|F3V         |     29228| 8.51|
|09 27 22.4933|-83 31 12.232|    4.16|F2IV        |     46373| 9.04|
|22 26 02.7854|-83 30 57.156|    6.66|F0III       |    110729| 8.18|
|04 36 46.7754|-83 29 48.238|    6.34|K0/K1III    |     21480| 7.15|
|11 32 50.0870|-83 29 03.386|    6.31|G8III       |     56323| 8.05|
|19 12 11.1464|-83 29 00.192|   22.25|F5V         |     94347| 7.26|
|16 27 33.0323|-83 28 32.025|   11.06|F5V         |     80611| 8.37|
|22 41 43.7415|-83 27 49.669|   23.29|K2III       |    112049| 9.39|
|03 36 44.2739|-83 26 56.960|    3.33|K2/K3III    |     16840| 8.87|
|20 05 03.8018|-83 26 24.106|    3.86|F2IV        |     98905| 9.31|
|20 32 17.4700|-83 25 50.985|    2.92|K1III       |    101333| 9.16|
|18 58 10.0293|-83 25 19.800|    5.84|B9/B9.5V    |     93117| 6.35|
|18 14 03.7909|-83 24 50.515|    7.09|G6IV/V      |     89358| 8.16|
|11 17 03.7398|-83 23 36.420|    2.42|A1IV        |     55116| 8.74|
|03 28 49.4914|-83 23 05.495|    4.92|F2/F3V      |     16208| 9.66|
|01 42 55.9981|-83 22 01.527|   14.95|K0/K1III+.. |      8018| 7.22|
|10 33 23.7628|-83 21 45.080|    1.46|K0III       |     51672| 8.64|
|22 10 03.4608|-83 21 29.550|    3.77|K1III       |    109415| 7.36|
|22 56 05.2336|-83 21 05.665|    8.52|F6V         |    113257| 8.33|
|03 00 56.3601|-83 20 14.743|    3.37|K1III       |     14052| 8.38|
|12 22 12.7623|-83 19 11.684|    6.59|F5V         |     60330| 8.90|
|18 51 58.0380|-83 18 58.713|    3.02|K1IIICN...  |     92586| 7.17|
|20 24 54.8016|-83 18 38.284|   12.95|A2/A3m...   |    100697| 6.15|
|05 37 04.0151|-83 17 28.073|    6.96|F8V         |     26383| 8.59|
|14 21 16.1199|-83 16 45.187|    2.20|A8V+...     |     70154| 8.11|
|11 54 25.7898|-83 16 23.692|    5.71|K1III       |     58055| 8.33|
|21 15 55.6148|-83 15 57.107|    3.93|K1III       |    104997| 7.60|
|01 03 12.3879|-83 15 16.249|    4.48|G8/K0III    |      4926| 7.96|
|22 39 59.3762|-83 15 06.022|   10.15|A9IV        |    111898| 6.68|
|01 38 24.6800|-83 14 51.711|    4.71|G8/K0III    |      7637| 7.32|
|16 45 53.6572|-83 14 23.366|    3.53|K4III       |     82076| 6.58|
|17 57 44.7407|-83 14 07.459|    9.13|F0/F2IV     |     87931| 7.20|
|15 39 04.0336|-83 13 57.629|    0.87|B2III       |     76642| 8.75|
|15 01 50.7043|-83 13 39.993|    8.39|G8/K0III    |     73540| 5.65|
|16 55 57.2830|-83 13 05.550|   14.60|G5/G6V      |     82853| 8.99|
|21 22 12.5462|-83 12 34.400|   14.28|F0/F2+...   |    105511| 7.19|
|12 54 35.4477|-83 10 22.920|    3.14|A0IV        |     63002| 8.89|
|05 11 44.0619|-83 10 17.003|   12.65|F8V         |     24202| 8.70|
|21 00 32.4231|-83 08 47.765|    4.10|K2/K3III    |    103679| 7.24|
|00 26 50.9041|-83 08 20.879|    9.53|K0:III:+... |      2115| 8.03|
|18 09 24.6289|-83 07 59.293|    7.01|F5V         |     88950| 8.75|
|23 42 54.3470|-83 07 55.282|    0.87|G8/K0III    |    116982| 8.77|
|14 35 45.5044|-83 07 15.157|    2.28|B9.5V       |     71370| 8.64|
|04 07 30.2270|-83 06 56.653|   10.00|G5/G6V      |     19250| 9.77|
|10 38 45.4609|-83 06 31.452|   11.32|G3/G5IV/V   |     52104| 8.84|
|11 41 01.5971|-83 05 59.862|    9.47|K0III       |     56996| 6.32|
|21 43 36.2387|-83 04 22.191|    1.49|K1/K2III    |    107267| 7.80|
|03 50 04.2555|-83 04 13.421|    8.20|G3V         |     17931| 9.55|
|03 03 59.8845|-83 04 08.409|    4.82|G6IV        |     14272| 9.06|
|00 18 05.6299|-83 03 40.909|    3.49|F0:III/IV   |      1452| 9.76|
|02 46 51.4170|-83 02 33.034|    6.26|F2IV        |     12971| 9.03|
|15 04 46.9631|-83 02 17.767|    1.88|G8Ib        |     73771| 5.65|
|21 31 21.8314|-83 02 01.274|    9.00|A2V         |    106259| 6.95|
|00 39 15.3145|-83 01 58.469|    3.69|Ap...       |      3087| 8.34|
|03 52 54.5521|-83 01 41.077|    8.86|K1III/IV    |     18157| 8.34|
|23 53 48.5789|-83 00 25.076|    4.75|M0III       |    117825| 6.79|
|04 16 45.5791|-82 59 49.273|    4.46|F0V         |     19955| 8.51|
|15 46 23.9088|-82 59 45.804|    3.22|K1III:      |     77248| 9.14|
|23 56 44.2692|-82 59 02.774|    2.06|K1III       |    118051| 7.91|
|12 34 50.4015|-82 58 48.939|   15.68|K2/K3V      |     61395| 9.60|
|01 37 54.9801|-82 58 31.040|   36.86|G2V         |      7601| 5.88|
|06 18 25.5423|-82 58 16.021|    4.04|A6V         |     29960| 8.16|
|02 19 06.3137|-82 57 14.462|    3.82|K0II/III    |     10806| 7.82|
|13 06 32.1576|-82 57 02.512|    5.76|A5m...      |     63967| 7.43|
|19 48 43.0108|-82 55 36.196|    1.88|K3/K4III    |     97475| 7.62|
|10 36 24.9475|-82 55 22.198|    2.57|B9/B9.5V    |     51925| 8.87|
|14 03 06.9845|-82 55 13.995|    6.73|K3III       |     68647| 7.15|
|14 55 17.0032|-82 55 08.236|    5.95|F8V         |     73013| 8.49|
|10 18 10.9003|-82 54 38.644|   12.44|K0/K1III    |     50461| 6.68|
|09 50 48.3288|-82 54 36.948|    7.61|F0IV        |     48294| 8.29|
|04 22 51.0825|-82 53 56.720|   10.05|A7IV/V      |     20446| 6.77|
|18 41 06.2012|-82 53 52.367|    4.16|K1/K2III    |     91619| 7.86|
|06 45 09.9297|-82 53 45.119|   12.43|F0/F2V      |     32351| 7.60|
|16 29 17.7064|-82 53 03.953|    8.56|            |     80754| 9.84|
|09 08 55.1948|-82 51 16.923|    8.38|F5V         |     44909| 8.61|
|14 24 22.1774|-82 50 53.604|    3.70|B8V         |     70418| 6.42|
|22 39 00.0799|-82 48 49.819|    6.88|F0III/IV    |    111825| 8.15|
|05 59 32.1294|-82 48 42.824|    6.22|F8V         |     28363| 9.69|
|20 09 34.7818|-82 48 18.005|   11.06|F5V         |     99318| 8.15|
|09 42 39.0116|-82 47 18.670|    3.53|B9.5V       |     47622| 8.10|
|17 28 43.9869|-82 46 46.544|    2.09|B2V         |     85530| 6.64|
|17 48 31.5896|-82 46 27.693|    9.90|F5/F6IV/V   |     87165| 8.67|
|17 03 13.4074|-82 45 49.933|    5.26|A2V         |     83439| 8.68|
|21 58 46.2340|-82 45 11.413|    5.46|K1III       |    108497| 8.55|
|13 40 26.0933|-82 44 47.030|    4.00|K1III       |     66707| 8.47|
|12 13 37.4181|-82 44 13.568|    4.65|K2III       |     59624| 8.11|
|18 02 29.0797|-82 44 07.450|    2.67|G3III/IV    |     88343| 8.31|
|12 44 00.8857|-82 44 03.601|    9.74|F7/F8V      |     62132| 9.29|
|13 08 29.5310|-82 43 15.606|   10.58|G0V         |     64119| 8.09|
|21 50 54.2485|-82 43 07.766|    7.49|G8/K0III+.. |    107843| 5.27|
|23 02 46.8155|-82 42 28.118|   16.89|K0IV        |    113807| 7.77|
|22 51 57.6874|-82 42 07.398|    8.54|K0III       |    112911| 8.39|
|00 22 55.4173|-82 41 00.600|    3.87|F0/F2IV/V   |      1806| 9.42|
|21 33 54.4717|-82 40 59.082|    4.01|B3IV        |    106474| 6.35|
|14 53 08.4040|-82 40 56.760|    0.46|M5III       |     72825| 8.77|
|01 46 49.4023|-82 40 22.747|    8.90|F0V         |      8291| 8.38|
|00 54 33.5841|-82 40 09.552|    1.91|R...        |      4266| 8.39|
|13 55 38.9890|-82 39 58.081|    3.74|K2/K3III:p  |     68009| 5.95|
|15 42 57.4253|-82 39 45.886|    4.00|K1III       |     76966| 8.56|
|22 08 18.2760|-82 38 02.211|    1.90|K1III       |    109280| 8.19|
|22 19 44.8469|-82 37 54.692|    6.81|G5V         |    110231| 9.01|
|19 53 10.5524|-82 37 52.628|    2.56|K2III       |     97855| 8.54|
|08 32 42.9774|-82 36 52.131|   13.20|F6V         |     41910| 8.87|
|04 09 43.8259|-82 35 27.848|    7.09|F6V         |     19437| 9.31|
|06 05 13.0433|-82 35 22.422|    2.40|A0IV        |     28837| 8.78|
|04 36 25.7673|-82 34 57.063|   23.01|K1/K2V      |     21455| 9.48|
|07 40 03.8690|-82 34 53.860|    6.41|K3IIICN...  |     37356| 7.28|
|10 58 17.2544|-82 34 49.997|    4.43|B9IV/V      |     53629| 7.51|
|08 34 23.3130|-82 34 00.769|    8.42|Fm...       |     42059| 6.84|
|16 27 00.8161|-82 33 35.505|    6.05|K0III       |     80567| 6.80|
|12 01 19.8887|-82 33 23.163|   14.84|G6/G8V:     |     58623| 9.42|
|02 16 23.8098|-82 33 15.025|    4.06|F6/F7III/IV |     10594| 9.16|
|19 03 08.3348|-82 33 12.409|    4.67|F3V         |     93544| 8.97|
|01 11 10.3886|-82 32 54.017|   13.40|G1V         |      5549| 8.78|
|11 58 01.8321|-82 31 24.183|   11.52|G3V         |     58361| 8.74|
|04 43 18.4792|-82 31 11.569|    3.00|M0/M1III    |     21967| 7.74|
|11 27 12.0026|-82 31 02.084|    3.99|K0III       |     55876| 8.96|
|16 53 24.0781|-82 30 42.712|    1.03|G3III       |     82619| 9.27|
|02 00 37.3548|-82 30 30.827|    5.53|F0IV/V      |      9386| 8.05|
|10 03 21.8947|-82 30 29.916|    5.05|K0III       |     49261| 7.34|
|23 43 57.9373|-82 30 29.802|   25.18|G2V         |    117066| 7.68|
|00 47 41.9809|-82 30 26.982|   13.96|G3V         |      3716| 9.19|
|18 20 24.5567|-82 30 19.509|    2.22|K2III       |     89876| 7.64|
|19 06 33.9177|-82 29 32.856|    6.02|F8/G0IV     |     93834| 8.16|
|03 21 24.7764|-82 28 41.105|    9.59|F5V         |     15645| 8.19|
|04 52 20.1176|-82 28 34.937|   30.39|K2V         |     22646| 8.59|
|02 22 45.0555|-82 28 33.929|    5.80|A1V         |     11084| 9.02|
|04 58 50.9872|-82 28 13.881|    9.34|G8III       |     23148| 5.84|
|21 49 36.2570|-82 26 01.952|   10.11|F6V         |    107747| 7.16|
|17 37 02.0591|-82 25 49.540|    1.89|K5III       |     86210| 8.01|
|05 46 51.7304|-82 25 41.842|    4.78|A3V         |     27279| 8.43|
|09 31 37.9175|-82 24 43.639|    4.48|F7V         |     46742| 8.61|
|23 48 00.3247|-82 24 42.106|    2.35|F3IV        |    117381| 8.48|
|01 47 52.1831|-82 24 21.888|    8.25|G2IV/V      |      8374| 9.69|
|17 12 54.5653|-82 23 17.263|    9.73|F2IV/V      |     84219| 7.41|
|05 12 36.1501|-82 22 05.807|    4.63|F5V         |     24276| 9.48|
|07 41 56.2499|-82 20 30.331|    5.74|K0III       |     37512| 7.52|
|03 52 38.6374|-82 19 51.545|    9.99|G5IV/V      |     18136| 9.68|
|09 07 47.0242|-82 19 29.523|   12.56|F7V         |     44800| 7.64|
|17 09 51.6463|-82 19 06.964|    4.14|B6IV        |     83972| 7.17|
|03 35 46.0959|-82 18 50.400|   10.19|G2V         |     16768| 9.35|
|02 04 43.8839|-82 17 57.999|    2.75|B9V         |      9697| 7.99|
|01 58 20.7778|-82 17 38.691|   16.89|G8/K0V:+... |      9191| 8.58|
|11 01 17.0321|-82 17 34.087|    5.33|F0IV        |     53871| 8.83|
|20 35 54.3050|-82 17 26.127|   14.14|G0V         |    101628| 9.16|
|01 37 23.4181|-82 16 54.281|    8.03|G5III:+...  |      7560| 7.15|
|20 48 30.0071|-82 16 07.194|    2.74|G8III       |    102695| 8.99|
|03 20 12.0178|-82 15 53.982|    7.50|F2V         |     15540| 8.30|
|09 29 40.2170|-82 15 47.917|    5.62|A1V         |     46557| 7.64|
|20 50 27.4028|-82 15 47.083|   13.94|G2V         |    102868| 9.30|
|12 04 49.5919|-82 15 18.582|    3.77|K0III       |     58911| 8.35|
|07 31 00.0849|-82 15 05.756|    8.77|F3IV/V      |     36543| 8.37|
|02 35 01.6944|-82 14 08.651|   14.88|G2V         |     12018| 7.44|
|00 10 02.2690|-82 13 26.391|   13.45|K1/K2III    |       814| 5.29|
|14 24 57.5196|-82 13 14.199|    3.50|G8III       |     70479| 8.35|
|17 47 42.8544|-82 12 57.376|   32.66|K2IV/V      |     87091| 9.01|
|10 00 43.9045|-82 12 53.084|    8.17|A0IV        |     49065| 5.53|
|21 19 44.0676|-82 12 19.430|    5.44|A3II        |    105307| 8.19|
|06 46 29.7191|-82 11 07.525|    8.70|F6/F7V      |     32460| 8.61|
|22 14 49.2221|-82 10 57.245|    8.57|G3V         |    109845| 9.62|
|23 57 32.9890|-82 10 11.076|   10.38|K0III       |    118114| 5.72|
|19 52 35.5549|-82 09 41.874|    1.02|K2III:      |     97813| 8.28|
|06 09 01.0488|-82 09 27.321|    4.29|B9IV/V      |     29155| 7.61|
|21 48 53.8138|-82 07 26.107|    3.47|F2V         |    107689| 9.69|
|09 01 11.0042|-82 06 54.210|    1.96|K2III       |     44288| 8.50|
|07 04 03.8272|-82 06 44.449|    4.46|F0IV/V      |     34084| 9.50|
|17 56 44.1790|-82 04 08.436|    8.00|F3/F5V      |     87843| 8.84|
|14 44 43.9954|-82 03 27.709|    7.23|F2V         |     72081| 8.61|
|06 08 01.1143|-82 02 37.500|    6.74|F0IV        |     29076| 7.20|
|23 42 14.6646|-82 02 36.743|   19.27|K5          |    116939| 9.80|
|12 43 13.5916|-82 02 32.754|    2.35|G8III       |     62065| 8.96|
|01 29 03.5950|-82 02 21.005|    5.63|F6/F7V      |      6916| 9.71|
|10 42 24.1686|-82 02 13.780|    5.43|F5V + F5    |     52381| 8.05|
|04 50 43.9807|-82 01 57.049|    8.56|G3V:        |     22518| 9.90|
|20 13 16.0696|-82 01 41.144|   32.10|K2V         |     99634| 8.46|
|21 09 19.6253|-82 01 37.711|   41.28|G3V         |    104436| 6.98|
|23 52 06.6938|-82 01 07.564|   12.20|G7III       |    117689| 5.10|
|08 04 42.8782|-81 59 38.190|    3.80|A4V         |     39529| 9.35|
|06 05 23.8641|-81 59 26.644|    4.75|A0V         |     28849| 8.29|
|07 45 14.4596|-81 58 02.975|    9.44|A2/A3IV     |     37817| 7.49|
|21 27 46.4640|-81 57 55.882|    5.02|F6V         |    105973| 8.49|
|16 27 46.4352|-81 57 40.583|    5.62|K1III       |     80624| 7.28|
|21 34 46.7405|-81 55 36.632|    8.50|A9III       |    106553| 7.76|
|23 29 47.3082|-81 55 31.777|    8.86|K0III       |    115970| 9.27|
|16 15 44.1185|-81 55 17.946|    1.53|A0IV        |     79680| 9.18|
|10 31 51.7502|-81 55 15.966|    2.82|B5III/IV    |     51557| 7.05|
|13 39 03.4228|-81 54 30.967|    8.61|F6V         |     66597| 9.40|
|03 00 37.1967|-81 54 07.158|    3.82|Ap...       |     14026| 9.35|
|17 48 23.7161|-81 53 43.833|    3.55|G8/K0III:   |     87160| 8.20|
|15 23 42.8351|-81 53 05.766|    1.48|K3III:      |     75341| 8.18|
|04 09 35.7000|-81 51 18.200|        |Me          |     19424| 8.81|
|14 53 17.8924|-81 51 02.186|    3.35|K0III       |     72837| 8.58|
|14 02 46.7530|-81 51 00.922|   10.83|F8/G0V      |     68616| 8.53|
|18 15 10.4219|-81 50 31.640|    3.57|A2/A3IV/V   |     89434| 7.92|
|09 27 41.9209|-81 50 25.335|    1.98|K4III       |     46399| 7.88|
|09 56 53.8749|-81 50 11.650|    3.16|A2V         |     48775| 8.62|
|18 42 14.3613|-81 48 29.062|    5.89|B8V         |     91723| 6.27|
|19 21 51.0341|-81 47 41.750|    1.28|K2/K3III:   |     95189| 8.51|
|14 13 22.3706|-81 47 27.681|    7.69|F3V         |     69473| 8.73|
|03 40 48.2702|-81 47 22.641|   20.29|G6V         |     17184| 8.65|
|04 21 52.9758|-81 46 45.304|    4.30|K0IIICN...  |     20382| 8.07|
|13 45 38.0349|-81 46 44.487|   10.25|G1V         |     67146| 9.44|
|09 12 25.4190|-81 46 06.999|   15.60|F6V         |     45183| 7.49|
|02 58 08.6676|-81 45 40.452|    1.55|G8III       |     13839| 9.30|
|19 34 59.7352|-81 45 10.682|    6.10|K0III       |     96314| 6.63|
|03 19 28.2017|-81 45 04.583|    3.48|K2III       |     15470| 8.65|
|09 37 12.0015|-81 44 50.109|    3.19|A2/A3V      |     47203| 8.35|
|15 36 08.1039|-81 43 34.109|   12.69|F6V         |     76391| 8.20|
|09 38 21.2815|-81 42 33.798|    5.68|K0III       |     47299| 6.72|
|06 36 50.2331|-81 40 44.284|    3.85|G8/K0III    |     31601| 8.60|
|09 31 31.0242|-81 40 29.005|    6.16|F8V         |     46731| 8.65|
|01 06 50.8195|-81 38 55.578|    3.82|K2III       |      5228| 7.59|
|10 20 14.9203|-81 38 54.663|    6.22|A6/A7IV     |     50607| 7.23|
|06 16 21.2781|-81 38 02.548|   17.05|G8V         |     29792| 9.39|
|11 03 02.5350|-81 37 18.627|   11.86|F7V         |     54017| 7.88|
|10 32 29.6801|-81 36 56.936|    4.58|G8/K0III    |     51605| 7.39|
|20 21 12.8110|-81 36 55.814|   13.91|G3IV/V      |    100359| 8.65|
|00 20 51.4849|-81 36 43.472|    5.76|F7V         |      1665| 9.58|
|05 35 39.5383|-81 36 42.995|   20.12|F6V         |     26269| 7.12|
|17 30 54.8740|-81 36 41.585|    3.39|M5III       |     85714| 8.25|
|08 07 41.8194|-81 36 33.952|    3.48|K3III       |     39772| 8.02|
|07 47 30.5433|-81 35 47.526|   11.77|Ap...       |     38017| 6.79|
|16 53 03.1973|-81 35 40.402|    7.65|F3IV        |     82592| 8.27|
|05 26 49.7857|-81 35 07.984|    5.93|A3/A4V      |     25472| 8.27|
|04 20 58.0315|-81 34 48.816|   18.61|F0/F2III    |     20297| 5.78|
|11 15 58.5412|-81 34 12.880|    5.36|K1III       |     55035| 8.55|
|20 01 00.1807|-81 34 05.753|    4.76|A0V         |     98531| 8.47|
|10 04 07.3695|-81 33 56.235|    5.78|G6/G8III    |     49326| 6.60|
|10 59 13.8929|-81 33 22.781|   10.72|F7IV        |     53700| 6.70|
|02 22 07.5115|-81 33 03.072|    2.40|M3III       |     11039| 8.41|
|23 08 48.3873|-81 32 36.293|    2.89|G8/K0III    |    114281| 9.26|
|05 12 25.6937|-81 32 30.673|    5.29|K1III       |     24256| 6.51|
|14 12 52.0134|-81 32 30.481|    4.47|K0III       |     69422| 8.27|
|01 16 42.7676|-81 32 27.223|    0.86|G8III       |      5964| 7.91|
|19 23 49.3249|-81 32 24.940|   11.59|G2/G3V      |     95344| 8.72|
|16 03 41.9269|-81 32 17.744|    5.93|F0V         |     78677| 9.36|
|19 32 42.9089|-81 31 49.426|    7.86|F5V         |     96128| 7.83|
|20 36 47.3728|-81 31 48.491|    6.20|K1III       |    101697| 8.60|
|15 57 46.8303|-81 31 30.188|    1.38|M2/M3III:   |     78179| 8.66|
|04 43 00.7175|-81 30 15.618|    4.17|K2III       |     21945| 8.14|
|07 04 38.1046|-81 29 58.965|    4.53|A2V         |     34132| 8.67|
|01 56 37.5239|-81 29 57.439|   13.66|F3IV/V      |      9052| 6.93|
|12 43 11.8422|-81 29 52.578|    0.59|K1/K2III:   |     62060| 9.15|
|02 34 15.6482|-81 29 47.928|    4.54|F5V         |     11957| 9.18|
|18 05 26.7434|-81 29 11.215|    3.53|K3/K4III    |     88599| 6.37|
|02 37 59.7723|-81 28 02.798|    2.43|K0III       |     12271| 8.88|
|14 42 09.7415|-81 27 43.677|    2.62|K3III:      |     71883| 8.90|
|06 38 39.7734|-81 27 32.510|    4.33|F6V         |     31772| 8.87|
|17 58 09.3662|-81 27 11.242|   14.32|F5IV/V      |     87968| 7.30|
|14 26 35.8219|-81 27 09.962|   27.57|K2/K3V:     |     70610| 9.68|
|17 02 01.0350|-81 26 04.809|    6.36|K2III       |     83344| 8.88|
|11 31 52.6130|-81 25 45.050|    4.67|A4m...      |     56256| 8.44|
|18 09 59.2105|-81 25 02.693|    7.72|G8IV        |     89009| 8.14|
|19 11 41.9538|-81 24 46.524|    9.72|F0/F2V      |     94304| 7.60|
|21 05 23.5158|-81 23 48.563|    2.34|K0III       |    104098| 7.92|
|05 56 42.4586|-81 23 14.084|   16.97|K           |     28125| 9.95|
|19 23 43.7705|-81 22 55.798|    3.68|G8/K0III    |     95335| 8.77|
|22 46 03.7233|-81 22 53.822|   23.23|A9IV/V      |    112405| 4.13|
|23 15 55.4122|-81 22 22.238|   45.21|M           |    114859| 9.96|
|01 49 35.8514|-81 21 32.475|    3.62|K0III       |      8499| 7.48|
|19 56 01.6206|-81 20 59.419|    4.70|K3/K4III    |     98086| 6.39|
|11 55 00.4696|-81 20 55.784|    4.57|K2/K3III    |     58104| 8.92|
|00 04 37.3475|-81 20 43.149|    1.38|A2/A3IV     |       367| 9.13|
|21 38 27.4680|-81 20 27.855|    6.22|G0V         |    106846| 9.90|
|21 13 49.5352|-81 20 18.089|    7.74|F5V         |    104796| 9.32|
|13 00 27.2708|-81 20 02.834|   10.05|F6V         |     63483| 9.07|
|17 09 10.3027|-81 19 23.208|    2.52|B9.5V       |     83924| 8.54|
|13 23 01.4651|-81 18 35.112|   29.33|G5V         |     65302| 7.88|
|15 31 42.6981|-81 18 11.067|    5.58|F0IV/V      |     76030| 8.97|
|20 38 18.6050|-81 17 20.292|    5.13|K5III       |    101843| 5.89|
|18 49 23.3522|-81 16 14.750|   11.75|F6V         |     92358| 8.28|
|04 31 16.2317|-81 15 57.093|    2.74|K3/K4III    |     21101| 7.85|
|19 36 14.9948|-81 14 50.617|   22.20|G8IV/V      |     96425| 8.46|
|21 48 54.8899|-81 14 06.628|    6.55|F7V         |    107693| 9.30|
|07 14 57.7934|-81 13 23.046|    6.30|A2IV/Vm...  |     35056| 8.50|
|07 49 47.4725|-81 12 17.305|    3.62|K2/K3III    |     38220| 8.43|
|14 57 56.8520|-81 12 15.075|    6.54|F8V         |     73226| 8.82|
|12 14 52.3856|-81 11 38.870|    5.65|A4/A5III    |     59722| 7.61|
|11 54 07.4351|-81 11 26.554|    3.67|F0IV/V      |     58032| 9.37|
|00 37 57.7746|-81 10 38.765|    4.84|F0IV        |      2986| 9.02|
|17 17 36.9969|-81 10 35.869|    4.07|A0Vn        |     84601| 8.73|
|20 49 06.8102|-81 10 12.526|    6.27|G6V         |    102742| 9.60|
|10 32 52.7860|-81 09 46.416|    3.97|Ap SrEuCr   |     51632| 7.77|
|16 26 04.5841|-81 09 38.388|    2.66|B8/B9V      |     80507| 9.63|
|02 37 22.2037|-81 09 07.660|   -0.07|A0V         |     12221| 9.02|
|13 04 29.2139|-81 09 00.369|    5.75|K0III       |     63794| 7.21|
|18 19 25.5909|-81 08 44.904|    8.23|G0V         |     89788| 8.42|
|08 46 36.0911|-81 07 23.776|    3.70|K0III       |     43092| 8.43|
|09 24 28.1976|-81 06 56.284|    3.92|K0III       |     46133| 8.55|
|22 57 17.4720|-81 06 34.032|    5.46|F3IV/V      |    113346| 9.05|
|03 00 13.4550|-81 05 19.077|    8.38|F0V         |     13999| 7.84|
|17 04 50.6557|-81 05 10.466|    2.65|G3/G5II     |     83576| 7.81|
|05 15 55.4334|-81 04 20.128|   17.65|G8/K0V:     |     24542| 9.65|
|17 34 42.9295|-81 04 06.079|    7.85|A9V         |     86012| 7.70|
|06 47 39.9845|-81 03 57.011|    4.36|K3III       |     32564| 7.25|
|06 07 05.2034|-81 03 47.709|    6.18|A9IV        |     28993| 7.12|
|09 47 24.2431|-81 03 41.179|    2.92|M2III       |     48027| 7.84|
|10 28 31.3864|-81 03 21.402|    4.59|K0III       |     51284| 7.56|
|05 22 09.4171|-81 02 20.303|    3.89|A4m...      |     25079| 7.20|
|01 51 57.6118|-81 01 10.030|   32.38|K1V         |      8701| 8.95|
|01 20 34.0486|-81 01 00.552|   12.96|G3V         |      6281| 9.31|
|14 18 13.9705|-81 00 27.365|   23.36|A2m...      |     69896| 4.89|
|11 54 53.0845|-81 00 25.106|    3.48|B9.5V       |     58095| 9.03|
|03 08 01.7494|-80 59 54.119|    9.12|F6V         |     14565| 9.56|
|04 11 23.4904|-80 59 44.778|    4.30|K2III       |     19561| 8.60|
|22 18 47.0106|-80 58 46.658|    6.02|Fm...       |    110158| 9.60|
|21 55 56.1392|-80 58 20.596|    3.40|F0V         |    108260| 9.52|
|20 33 17.6128|-80 57 53.375|    6.19|G6/G8II     |    101427| 5.76|
|05 18 05.5302|-80 57 52.887|   14.06|G2V         |     24718| 8.44|
|02 25 55.5144|-80 56 45.513|    4.91|F2IV/V      |     11342| 9.41|
|09 33 53.5052|-80 56 28.657|    6.05|B5V         |     46928| 5.07|
|22 42 15.3783|-80 56 19.259|    2.98|K2III       |    112092| 9.01|
|10 50 00.5797|-80 56 00.725|    2.90|Ap...       |     52969| 8.03|
|16 34 04.5955|-80 55 45.109|    8.24|F6IV        |     81120| 8.77|
|10 17 12.6379|-80 55 23.524|    5.30|G8III/IV    |     50379| 7.97|
|08 36 29.5566|-80 55 06.305|    9.58|G3V         |     42221| 9.19|
|08 24 20.3820|-80 54 52.990|   12.93|G8III       |     41191| 5.67|
|23 12 12.4308|-80 54 45.619|    5.60|K4III       |    114550| 6.43|
|15 45 58.3606|-80 53 32.746|    6.51|F2V         |     77219| 9.30|
|04 03 53.2411|-80 53 24.835|    3.11|K3III       |     18970| 8.30|
|20 41 21.6818|-80 52 58.975|    9.73|G3V         |    102087| 9.15|
|21 24 46.6802|-80 52 17.156|    4.06|G3V         |    105720| 9.56|
|01 25 24.7147|-80 52 13.420|    2.56|K2III       |      6657| 8.80|
|03 37 35.9916|-80 51 37.701|    3.68|A8V         |     16910| 9.11|
|17 31 27.4731|-80 51 32.502|    4.02|M3III       |     85760| 5.83|
|03 37 24.0907|-80 51 15.355|    2.90|G8/K0III    |     16899| 8.36|
|20 12 16.4859|-80 51 11.939|    9.46|F5V         |     99559| 9.17|
|05 34 59.7245|-80 51 08.649|    5.35|K1III       |     26194| 8.28|
|06 55 42.3631|-80 50 16.983|    4.62|K3III       |     33308| 7.75|
|10 58 26.1924|-80 50 03.081|    0.77|B4II        |     53643| 8.10|
|23 31 57.6288|-80 49 40.423|    6.38|K0IIICN...  |    116145| 7.34|
|07 27 08.7779|-80 49 26.137|   13.16|G2V         |     36187| 9.15|
|06 40 02.9087|-80 48 49.400|    8.07|A5III       |     31897| 5.61|
|05 02 15.8288|-80 48 41.082|    2.07|G8III       |     23435| 8.96|
|16 16 58.8694|-80 48 00.767|    4.87|K0III       |     79786| 7.15|
|16 45 07.8857|-80 47 59.085|    3.13|A0V         |     82005| 8.91|
|10 58 36.4476|-80 47 22.797|   13.88|F8/G0V      |     53651| 8.65|
|09 24 09.7294|-80 47 13.939|   17.69|F3/F5IV     |     46107| 5.34|
|14 54 07.1780|-80 47 12.146|    5.76|F0V         |     72915| 9.17|
|12 15 44.7426|-80 47 04.856|    2.80|B9.5V       |     59798| 7.91|
|04 48 05.0020|-80 46 45.616|   16.55|F7V         |     22295| 8.14|
|14 08 04.4407|-80 45 50.482|    8.42|A7V         |     69055| 7.60|
|15 58 35.6588|-80 45 20.105|    3.10|K2III       |     78250| 7.93|
|16 22 22.2174|-80 44 44.891|   11.30|F5IV/V      |     80200| 7.04|
|14 38 34.9680|-80 44 10.411|    0.97|K1III       |     71598| 8.37|
|04 06 44.5303|-80 44 07.949|   14.08|G2V         |     19188| 7.89|
|18 55 59.9877|-80 43 40.313|    3.94|A0V         |     92928| 6.57|
|20 28 59.4228|-80 43 02.273|    6.98|F3/F5V      |    101037| 8.97|
|03 28 33.9101|-80 42 32.600|    5.95|K1III       |     16190| 7.77|
|00 55 50.2111|-80 42 32.018|    6.07|F8V         |      4357| 9.72|
|08 21 26.2039|-80 42 27.087|    4.09|A0V         |     40949| 8.91|
|12 49 32.0561|-80 42 08.439|    5.46|A4IV        |     62590| 7.20|
|21 06 43.7963|-80 41 51.907|   11.79|F0/F2IV     |    104206| 7.12|
|22 31 09.1411|-80 41 45.417|   16.56|G3V         |    111153| 8.97|
|21 26 35.3187|-80 40 57.056|    8.93|G0V         |    105876| 8.14|
|03 00 07.0621|-80 40 52.307|    4.53|G8IV/V      |     13985| 9.44|
|17 25 52.1913|-80 39 46.368|    6.77|G0          |     85301| 9.97|
|17 42 00.3117|-80 39 43.567|    4.53|K0/K1III:   |     86626| 9.33|
|00 39 47.6467|-80 39 22.271|    5.26|G2IV/V      |      3131| 7.90|
|10 10 53.3527|-80 39 19.898|    9.11|F5IV/V      |     49859| 8.82|
|19 46 22.2674|-80 38 33.935|    5.23|G5V         |     97291| 9.94|
|04 45 26.2376|-80 38 28.937|    8.58|F5IV/V      |     22101| 8.18|
|18 04 45.5101|-80 37 44.232|    5.73|G1V         |     88538| 8.94|
|20 58 20.3591|-80 37 11.812|    6.87|K0III/IV    |    103520| 8.35|
|20 06 50.2143|-80 36 00.254|    3.92|K0III       |     99075| 8.21|
|06 00 19.3773|-80 35 53.116|    3.84|F5V         |     28440| 9.33|
|06 29 34.8883|-80 35 33.592|    5.23|A3V         |     30936| 8.66|
|08 10 39.5860|-80 35 09.738|    1.79|K4/K5III:   |     40034| 8.66|
|02 13 49.8959|-80 34 58.230|    5.97|F5V         |     10389| 9.32|
|16 05 18.2470|-80 34 45.873|    1.82|K1III:      |     78806| 9.01|
|13 41 45.4917|-80 34 34.181|    9.00|G3V         |     66817| 9.28|
|01 44 21.5952|-80 34 27.172|   14.23|K0          |      8119| 9.71|
|19 07 08.6433|-80 33 08.930|   14.35|G5V         |     93889| 8.83|
|23 41 14.1057|-80 32 58.304|    4.75|F2IV(m)     |    116861| 9.88|
|20 31 17.0499|-80 32 38.434|    7.06|F2II/III    |    101241| 7.56|
|17 34 12.9965|-80 32 25.473|   10.26|G2IV        |     85970| 8.71|
|10 45 47.1358|-80 32 24.730|    8.97|B2.5IV      |     52633| 4.45|
|06 29 00.7340|-80 32 19.640|    4.75|F0/F2IV     |     30887| 8.91|
|02 15 24.0620|-80 32 05.498|    3.78|A2m...      |     10504| 8.98|
|02 00 47.4495|-80 31 56.525|   24.32|K1V         |      9400| 8.93|
|10 33 56.5559|-80 31 00.863|   11.96|F3V         |     51713| 7.18|
|23 16 16.7378|-80 30 45.916|    8.98|F5V         |    114884| 8.24|
|10 29 29.1012|-80 30 42.677|    5.96|G8V         |     51365| 8.84|
|09 44 56.6220|-80 30 32.416|   10.00|G5V         |     47829| 9.25|
|11 57 16.1005|-80 29 40.871|    3.41|B9.5V       |     58291| 7.45|
|21 38 34.2579|-80 29 33.457|    5.74|G2/G3V      |    106861| 9.77|
|03 16 21.6815|-80 29 09.862|    2.79|G8III/IV    |     15229| 9.09|
|11 43 37.0574|-80 29 00.470|    5.95|B9IV        |     57192| 6.61|
|05 37 08.7926|-80 28 18.028|   54.92|G3IV        |     26394| 5.65|
|10 45 16.3751|-80 28 10.284|    9.21|K0III       |     52595| 5.46|
|22 20 49.0747|-80 27 14.331|   11.97|F7/G0 + F/G |    110329| 8.43|
|15 24 32.5254|-80 26 26.038|    4.21|A9III       |     75420| 8.09|
|22 20 01.4802|-80 26 22.715|   12.15|M6III       |    110256| 5.09|
|22 38 36.5436|-80 25 41.555|    4.91|G8/K0III    |    111793| 8.59|
|23 17 52.9823|-80 25 29.248|    2.69|A2V         |    115028| 8.35|
|05 10 25.2474|-80 24 29.012|   12.47|F7/F8V      |     24084| 7.58|
|00 04 00.6077|-80 23 42.252|    5.53|F0III/IV    |       317| 7.91|
|23 17 24.7714|-80 23 35.099|    2.75|K2III:      |    114993| 8.84|
|19 09 59.8774|-80 23 27.709|    4.02|F7IV/V      |     94158| 9.38|
|09 20 39.7062|-80 23 24.959|   10.85|K0IV        |     45829| 7.41|
|09 39 44.9738|-80 23 23.365|    3.03|B9IV/V      |     47421| 8.59|
|21 48 45.3330|-80 23 05.116|    3.08|K2/K3III    |    107681| 7.97|
|20 56 36.0205|-80 22 11.960|    6.56|G3V         |    103372| 9.70|
|16 47 49.9392|-80 21 46.425|    5.75|A9III       |     82222| 8.18|
|09 37 54.8733|-80 21 01.825|    2.92|Ap...       |     47253| 8.07|
|14 29 24.7090|-80 20 43.753|    3.39|A0V         |     70860| 8.05|
|21 17 08.2150|-80 20 41.590|    4.18|B9/B9.5V    |    105073| 7.47|
|20 47 29.2304|-80 19 27.340|    3.94|F0V         |    102594| 8.47|
|16 30 44.5957|-80 19 14.470|    3.68|B8/B9III    |     80865| 8.31|
|15 08 30.1776|-80 18 49.994|    4.25|B4/B5III/IV |     74091| 6.81|
|06 13 03.5886|-80 18 34.752|   11.76|F8V         |     29515| 9.04|
|08 51 29.6897|-80 18 02.506|   14.10|G0          |     43490| 9.55|
|01 45 53.2434|-80 18 02.434|   29.96|K5          |      8224| 9.48|
|04 31 50.6547|-80 17 24.363|    3.46|K1III       |     21136| 8.43|
|15 02 17.6864|-80 16 39.370|    3.25|G5/G6III    |     73576| 8.89|
|13 53 30.8600|-80 16 22.230|    7.35|F0IV/V      |     67813| 7.67|
|13 29 02.2076|-80 15 26.520|   11.28|F0/F2V      |     65771| 7.91|
|11 33 41.8248|-80 15 02.781|    8.23|A4V         |     56395| 8.05|
|18 20 22.1364|-80 14 21.290|    4.30|K0III       |     89873| 7.36|
|19 26 03.4543|-80 14 13.310|    7.11|G1IV/V      |     95544| 9.01|
|18 29 20.0209|-80 13 57.195|    9.36|K2III       |     90606| 5.95|
|22 18 10.8047|-80 13 44.572|    4.22|K2III       |    110100| 8.79|
|13 04 15.6789|-80 13 08.435|    4.28|Fm...       |     63768| 7.92|
|18 15 15.7683|-80 13 02.761|    1.37|G6/G8III/IV |     89445| 8.81|
|04 17 59.1767|-80 12 51.052|    8.00|K2/K3III+.. |     20049| 5.67|
|15 35 40.0919|-80 12 16.898|   26.01|K0/K1V      |     76351| 8.71|
|05 11 35.3112|-80 11 32.167|    5.51|K1III       |     24187| 7.92|
|18 55 29.0019|-80 10 40.919|    7.20|F6V         |     92877| 8.69|
|15 59 50.6093|-80 10 40.903|    4.28|Fm...       |     78347| 8.53|
|01 47 46.6894|-80 10 34.209|   16.13|F0III       |      8366| 6.05|
|00 11 36.7301|-80 10 25.555|    4.78|G8III       |       938| 7.21|
|07 50 16.3473|-80 10 09.927|   10.48|G5V         |     38259| 8.67|
|10 48 47.7483|-80 09 41.634|   11.09|G3V         |     52874| 8.99|
|08 33 36.2429|-80 09 31.120|    4.90|K3III       |     41995| 7.02|
|15 30 35.7001|-80 09 25.038|   10.95|G0/G1       |     75937| 9.92|
|08 56 43.7732|-80 08 18.336|    5.34|A8V         |     43911| 8.34|
|06 50 30.6886|-80 08 08.560|    2.25|K2II/III    |     32821| 8.53|
|20 49 37.2573|-80 08 01.135|    5.15|K0IIIp      |    102803| 7.91|
|10 03 45.9266|-80 07 51.653|    3.26|F0IV        |     49299| 8.69|
|22 50 22.7460|-80 07 25.732|    7.35|B6IV        |    112781| 5.32|
|04 19 42.7904|-80 07 12.484|    3.61|F5IV/V      |     20195| 8.78|
|21 22 14.0840|-80 06 49.342|   11.58|G8IV        |    105514| 7.65|
|13 09 07.1408|-80 06 48.572|    1.40|K3III       |     64173| 8.25|
|01 11 46.2469|-80 06 44.120|    6.75|F0V         |      5598| 8.31|
|05 56 02.3558|-80 06 38.192|    2.90|G8/K0III    |     28068| 9.02|
|14 22 23.1970|-80 06 32.080|    5.92|B4V         |     70248| 5.06|
|14 29 26.2079|-80 06 12.101|   13.52|F5V         |     70861| 7.56|
|17 12 30.2011|-80 05 54.992|    5.94|F8V         |     84180| 8.92|
|23 34 23.0150|-80 05 54.401|    2.67|F5IV/V      |    116337| 8.88|
|16 29 05.1973|-80 05 49.431|   12.27|G6V         |     80741| 9.23|
|19 44 54.5003|-80 05 18.717|    2.17|M2III       |     97159| 7.61|
|16 59 57.6606|-80 05 10.237|    2.69|M           |     83175| 9.17|
|14 05 32.1711|-80 04 46.738|    1.33|F0IV/V      |     68827| 9.45|
|16 58 11.2066|-80 04 20.882|    6.22|A0Vn        |     83046| 7.67|
|12 21 21.9384|-80 03 41.545|    6.96|A2m...      |     60261| 7.65|
|09 51 00.8003|-80 03 39.945|    4.64|B8IV        |     48320| 6.47|
|02 24 02.4206|-80 02 43.753|    3.31|M...        |     11183| 9.49|
|21 33 21.0686|-80 02 21.508|    9.05|A0V         |    106424| 6.47|
|19 48 32.9976|-80 01 26.199|    4.17|G6IV        |     97459| 9.49|
|03 42 26.5775|-80 01 12.592|    2.32|G1III/IV    |     17319| 8.24|
|02 42 44.6189|-80 00 43.451|    4.01|K0III       |     12667| 8.93|
|14 38 02.6764|-79 59 45.343|    5.66|A4IV        |     71550| 7.88|
|19 13 05.5866|-79 59 40.108|    4.39|K           |     94421| 9.61|
|19 30 50.0030|-79 59 09.152|    5.20|F5/F6V      |     95958| 9.10|
|07 11 36.7189|-79 59 08.538|    5.07|A2V         |     34744| 8.90|
|08 39 06.8422|-79 58 59.887|    1.31|K5          |     42427| 9.52|
|13 18 48.3369|-79 58 33.461|    7.35|B9.5/A0V    |     64951| 6.34|
|10 51 44.3185|-79 57 51.046|    2.69|G8/K0III    |     53096| 8.36|
|07 21 29.1835|-79 57 37.985|   12.49|G6IV/V+...  |     35661| 9.11|
|14 33 46.4451|-79 57 18.796|    3.50|G8IIICN...  |     71209| 6.66|
|12 59 43.0366|-79 56 47.985|    4.72|A1V         |     63417| 8.13|
|18 26 17.0608|-79 55 38.491|    1.67|M1/M2III    |     90359| 7.46|
|01 33 12.9209|-79 55 35.800|    3.69|A1IV/V      |      7231| 7.21|
|21 28 50.5040|-79 55 32.469|    5.41|K0II/III    |    106051| 7.36|
|10 34 52.5539|-79 55 00.419|    1.73|M0          |     51785| 9.24|
|05 36 20.7543|-79 54 51.513|    3.04|A3V         |     26321| 8.49|
|01 42 11.4456|-79 54 46.238|    6.52|F0II/III    |      7958| 7.94|
|23 50 55.4513|-79 53 54.901|   18.64|G3V         |    117596| 8.03|
|01 25 11.8175|-79 53 45.834|    2.75|G8/K0III    |      6641| 8.56|
|01 24 58.6863|-79 53 37.210|   -3.01|G5          |      6618| 9.79|
|06 01 16.6334|-79 52 18.416|   13.79|G0V         |     28525| 8.69|
|04 31 37.7737|-79 52 15.949|    2.44|K5          |     21124| 9.26|
|20 47 36.3977|-79 51 13.112|    5.64|K0IIICN...  |    102608| 7.60|
|00 16 11.2412|-79 51 03.747|   56.76|G6V         |      1292| 6.59|
|17 29 04.3558|-79 50 34.026|    7.14|G0V         |     85558| 8.82|
|09 36 57.8701|-79 50 23.228|    3.74|F7/F8V      |     47186| 8.80|
|18 07 09.5541|-79 50 16.256|    6.06|F5V         |     88757| 8.78|
|13 40 19.0608|-79 50 00.819|    0.58|B9IIIp...   |     66697| 8.96|
|16 21 43.1994|-79 49 54.790|    5.83|A5III/IV    |     80158| 8.00|
|05 09 43.3482|-79 49 16.161|    2.59|K1III       |     24014| 8.80|
|02 36 51.5824|-79 48 50.331|    3.96|K0III       |     12173| 7.66|
|03 53 19.9825|-79 48 35.228|    7.62|F5V         |     18179| 9.08|
|10 46 15.0614|-79 48 31.966|    0.71|K0          |     52674| 9.19|
|04 47 34.6502|-79 48 26.075|    2.14|Fm...       |     22260| 7.85|
|14 55 38.5448|-79 48 20.611|    4.89|F5IV/V      |     73041| 9.16|
|06 27 55.5433|-79 47 58.567|    2.24|K5/M0III:   |     30767| 9.10|
|02 42 35.2876|-79 47 03.765|   16.85|G8/K0IV/V   |     12654| 9.44|
|12 32 18.6904|-79 47 01.892|    7.42|A0V         |     61192| 7.10|
|10 41 51.5761|-79 46 59.888|    3.26|B5IV        |     52340| 5.97|
|13 45 15.3348|-79 46 05.165|    1.05|K4III       |     67107| 7.92|
|05 25 49.0592|-79 45 45.742|    4.96|F8IV/V      |     25381| 8.68|
|11 02 24.1249|-79 45 39.110|   -0.28|K0          |     53961| 9.36|
|11 07 28.8170|-79 45 25.361|    4.16|A2V         |     54374| 8.89|
|12 33 32.0357|-79 45 16.130|    9.83|F7V         |     61288| 8.98|
|14 29 17.3545|-79 44 50.271|   10.09|F7/F8V      |     70847| 9.05|
|06 08 12.8760|-79 43 33.078|    5.31|A0/A1V      |     29092| 9.03|
|12 06 54.1189|-79 43 16.121|    3.86|K0          |     59075| 9.36|
|21 57 23.1832|-79 43 13.993|    4.61|K0III       |    108377| 7.39|
|22 54 59.7800|-79 43 10.112|    3.55|K0III       |    113169| 8.16|
|15 12 55.9506|-79 43 06.632|    2.04|K2III       |     74456| 8.36|
|06 24 24.6424|-79 42 57.322|    4.23|G5IV/V      |     30477| 8.86|
|14 22 37.7801|-79 42 56.893|    2.69|M2III       |     70266| 7.48|
|01 48 36.6736|-79 41 22.303|    3.30|K5          |      8419| 9.14|
|08 01 40.4041|-79 40 54.928|    5.48|F7/F8V      |     39255| 9.30|
|05 20 33.2584|-79 40 51.068|    0.76|K4          |     24939| 8.75|
|08 40 18.6497|-79 40 26.006|   18.56|F8V         |     42539| 8.09|
|07 45 35.6060|-79 40 08.552|   11.97|F8V         |     37855| 8.90|
|11 18 34.2062|-79 40 06.968|   15.50|A8IIIm...   |     55225| 6.35|
|16 48 09.9117|-79 39 55.116|    0.73|A2/3IIIs:   |     82242| 9.07|
|00 45 05.4729|-79 39 50.213|    0.59|K1/K2III:   |      3536| 8.80|
|10 05 17.8872|-79 39 46.283|    4.38|G8/K0III:   |     49423| 9.07|
|13 32 10.8773|-79 39 38.724|    3.08|K2III       |     66023| 6.69|
|22 28 03.2114|-79 39 33.610|    4.61|K1/K2III:   |    110895| 8.96|
|07 57 51.1389|-79 37 57.636|    3.35|K3III       |     38916| 7.73|
|18 37 02.6914|-79 37 44.874|    9.45|G0V         |     91271| 7.95|
|15 49 22.2551|-79 37 24.309|    8.83|G3/G5III    |     77492| 9.16|
|15 10 18.9225|-79 36 46.065|   13.58|F3IV/V      |     74240| 7.38|
|06 41 59.7690|-79 36 32.404|    8.16|F8/G0V      |     32068| 9.49|
|15 37 26.0386|-79 36 29.017|    6.92|F6V         |     76498| 8.69|
|20 21 43.1654|-79 35 51.475|    6.78|A0/A1V      |    100416| 7.61|
|02 56 05.6367|-79 35 31.434|    4.75|K0III/IV    |     13673| 7.87|
|09 43 01.7357|-79 35 30.180|    7.94|K2III       |     47658| 7.30|
|10 52 28.6680|-79 33 33.991|    1.94|K2II/III    |     53151| 6.36|
|21 50 44.4525|-79 32 47.084|    0.90|K3III:      |    107833| 8.65|
|16 18 34.8046|-79 32 31.590|    1.23|K1/K2III    |     79904| 9.09|
|04 19 06.3575|-79 31 15.517|   10.09|A7III/IV    |     20144| 6.96|
|10 38 25.6453|-79 30 36.249|    7.31|A8V         |     52069| 7.80|
|05 03 49.2221|-79 30 25.731|   10.72|G5          |     23547| 9.64|
|08 45 55.2347|-79 30 16.453|    5.83|K5III       |     43012| 5.79|
|11 28 26.2477|-79 30 12.926|    2.03|G5          |     55984| 9.24|
|01 17 45.3041|-79 29 44.205|    6.86|G2V         |      6056| 9.58|
|19 11 09.8769|-79 29 24.455|    5.80|K0III       |     94255| 8.10|
|23 08 23.5436|-79 28 50.160|   13.44|A7Vn        |    114258| 6.11|
|14 32 56.3355|-79 28 48.768|    1.99|K3III:      |     71139| 8.90|
|14 19 17.8268|-79 28 41.113|   10.57|G1V         |     69992| 9.49|
|17 42 57.4784|-79 28 40.331|    1.16|M0III:      |     86703| 8.60|
|23 19 08.5474|-79 28 20.770|    6.66|K0III       |    115129| 6.34|
|17 03 33.5657|-79 28 11.785|    2.89|A2m...      |     83466| 9.28|
|02 57 53.3220|-79 28 06.003|    1.24|K5          |     13819| 9.26|
|12 21 44.8167|-79 27 59.676|    6.95|A1V         |     60287| 7.51|
|12 45 52.7155|-79 27 44.091|    8.82|F7V         |     62287| 8.48|
|04 37 15.3262|-79 27 33.622|    4.55|G8/K0p...   |     21519| 7.99|
|09 01 18.1866|-79 27 22.243|    2.31|A0Vn        |     44296| 8.76|
|21 38 56.1528|-79 26 33.065|   16.64|F4IV        |    106881| 6.17|
|23 17 24.0696|-79 26 00.901|    6.37|A8IV        |    114991| 8.14|
|07 09 30.5341|-79 25 55.266|    2.60|A0IV        |     34554| 7.81|
|20 06 04.7573|-79 25 23.512|    7.76|A7IV/V      |     99013| 8.01|
|07 38 50.6427|-79 25 17.111|    5.56|F5IV        |     37231| 8.96|
|06 56 34.4803|-79 25 12.681|    9.17|B9.5V       |     33384| 5.45|
|15 52 40.4781|-79 24 13.736|    5.25|B8V         |     77761| 7.68|
|20 27 36.9849|-79 23 36.042|    2.61|K2III       |    100913| 8.32|
|03 12 16.1934|-79 23 20.744|    2.28|K3III       |     14900| 8.85|
|13 02 35.6265|-79 21 54.582|    9.27|F5V         |     63639| 8.93|
|05 50 16.7993|-79 21 41.483|   12.06|B9.5V       |     27566| 5.46|
|11 17 33.0915|-79 21 35.910|    9.72|G3IV/V      |     55156| 9.10|
|09 10 48.4714|-79 21 31.088|    3.52|A1V         |     45071| 7.86|
|04 49 16.7930|-79 21 22.131|    3.92|K2III       |     22404| 8.59|
|03 23 53.6494|-79 21 20.271|    4.94|            |     15824| 9.80|
|14 04 00.4535|-79 21 19.076|    6.05|F7V         |     68712| 9.79|
|22 15 16.5935|-79 21 10.371|    3.89|K2III       |    109878| 8.98|
|04 09 43.1128|-79 20 37.494|    3.33|G5          |     19433| 8.98|
|09 15 17.7837|-79 19 56.670|    2.57|K3III       |     45419| 8.97|
|08 15 01.7767|-79 19 07.518|    6.14|A0V         |     40415| 7.03|
|00 22 45.8378|-79 18 46.214|    1.44|F0V         |      1790| 9.81|
|12 18 20.9439|-79 18 44.168|   12.05|B5Vn        |     60000| 4.24|
|01 39 04.4508|-79 18 34.567|    8.80|G0V         |      7696| 9.20|
|05 44 35.6464|-79 18 27.438|    2.34|            |     27086| 9.07|
|11 42 54.5324|-79 18 22.905|   17.95|K0III/IV    |     57137| 6.38|
|15 27 47.0950|-79 18 22.362|   11.46|K1III       |     75692| 7.61|
|22 20 18.7117|-79 17 41.272|    3.18|A3V         |    110282| 8.40|
|22 00 11.3690|-79 17 30.973|    6.86|G3V         |    108615| 9.65|
|13 14 40.5638|-79 17 28.598|   11.88|G0V         |     64621| 8.81|
|17 50 37.6431|-79 17 26.217|    8.34|F7V         |     87327| 9.51|
|21 09 33.3707|-79 16 25.880|   16.72|F7V         |    104453| 7.90|
|18 26 57.5770|-79 16 09.707|    3.45|K1III       |     90421| 7.16|
|11 16 41.4311|-79 15 52.757|    1.67|M2          |     55085| 9.05|
|16 06 23.0603|-79 15 29.591|    5.12|F5IV        |     78900| 9.49|
|00 05 22.1514|-79 15 14.086|    5.05|K0III       |       446| 7.71|
|14 07 46.9570|-79 15 05.358|    3.84|K0III       |     69020| 7.92|
|11 37 49.3172|-79 14 31.681|    1.38|K2III       |     56728| 8.90|
|01 06 04.4251|-79 14 09.907|    0.13|M1III:      |      5162| 8.97|
|00 17 49.2689|-79 13 56.414|    6.42|F8V         |      1425| 7.92|
|18 46 12.7512|-79 13 33.140|    6.86|F3V         |     92097| 8.41|
|06 00 34.0060|-79 13 14.698|    3.59|K3III       |     28461| 9.00|
|19 02 26.7565|-79 12 54.932|    8.71|F5IV        |     93496| 7.64|
|08 34 19.1403|-79 12 47.569|    3.05|K2/K3III:   |     42054| 8.52|
|01 23 41.9686|-79 12 42.767|    5.02|F5V         |      6518| 9.27|
|19 32 35.7915|-79 11 39.881|   11.41|G5V         |     96118| 8.60|
|13 14 36.0410|-79 11 36.620|    4.15|K1III:      |     64612| 8.12|
|14 20 36.4075|-79 11 19.545|    5.35|F5/F6V      |     70094| 9.60|
|00 53 42.6430|-79 10 18.435|   -0.22|K2          |      4210| 9.47|
|07 21 36.2513|-79 09 52.929|    3.72|K2III       |     35671| 7.57|
|23 51 53.8393|-79 09 43.161|    1.15|K1:p...     |    117675| 9.23|
|08 00 44.0459|-79 09 27.469|    3.63|G8III       |     39173| 7.55|
|01 41 21.2851|-79 08 53.713|    8.26|G6/G8III    |      7879| 6.33|
|15 15 27.7897|-79 08 11.145|    6.99|K1II/III+.. |     74663| 6.66|
|18 58 24.1285|-79 07 57.455|    0.83|M0III:      |     93139| 8.78|
|10 24 53.3647|-79 07 43.159|    1.07|K4/K5       |     50984| 9.15|
|14 46 19.8210|-79 07 11.759|    2.98|K5III       |     72233| 8.00|
|20 10 15.4946|-79 06 38.250|    5.43|G8III       |     99379| 7.26|
|02 31 40.1208|-79 06 33.299|   11.18|G4III       |     11757| 5.27|
|03 36 25.0297|-79 05 55.114|    6.38|K0/K1III    |     16815| 6.84|
|07 32 04.3650|-79 05 46.353|    1.76|M1III       |     36638| 8.93|
|07 25 38.1885|-79 05 39.130|    6.99|K2/K3III    |     36039| 5.54|
|20 45 20.7057|-79 05 24.294|    0.95|M3III:      |    102428| 8.90|
|15 35 57.3823|-79 05 09.682|    2.36|Ap...       |     76378| 7.53|
|13 32 41.5693|-79 04 29.651|    2.25|K2II        |     66069| 7.71|
|09 24 40.6670|-79 04 28.842|    5.21|B9.5V       |     46148| 7.85|
|20 20 35.8359|-79 04 16.013|   10.02|F7V         |    100303| 8.47|
|08 43 12.3088|-79 04 12.540|   10.23|A7V         |     42794| 6.05|
|06 20 53.8749|-79 04 00.483|    8.68|K0III       |     30170| 7.31|
|17 21 34.9933|-79 03 54.259|    5.21|A7III       |     84941| 7.41|
|13 48 51.2604|-79 03 52.561|    1.35|A0/A1V      |     67405| 9.82|
|10 05 13.8904|-79 03 44.626|    6.93|A4III/IV    |     49416| 7.32|
|00 00 26.6513|-79 03 42.593|   23.84|G6V         |        38| 8.65|
|20 23 54.2422|-79 03 03.069|    8.18|A8V         |    100594| 7.56|
|14 47 51.7262|-79 02 40.965|    7.93|K5III       |     72370| 3.83|
|17 53 10.8202|-79 02 31.113|    5.18|G6IV        |     87550| 8.37|
|01 27 51.6738|-79 02 26.113|    4.30|K0III       |      6828| 7.97|
|02 33 02.0100|-79 02 09.556|    3.84|K0II        |     11857| 7.96|
|16 10 01.0628|-79 02 06.387|    2.15|K1III       |     79215| 8.07|
|19 15 25.4106|-79 01 41.973|   16.75|F5V         |     94631| 8.07|
|02 15 45.2004|-79 01 34.102|    8.91|G0V         |     10538| 8.86|
|16 42 52.8019|-79 01 27.283|    3.75|K3III       |     81830| 6.73|
|02 13 34.1743|-79 01 26.895|   18.63|K0V         |     10363| 9.33|
|04 09 51.0806|-79 01 04.482|    2.31|A2V         |     19445| 8.39|
|21 58 09.6899|-79 00 35.448|    9.03|G2/G3V      |    108449| 9.63|
|05 31 18.5557|-79 00 32.161|    4.11|F5IV/V      |     25864| 8.89|
|20 16 30.0781|-79 00 24.215|   12.50|F5/F6V      |     99931| 7.88|
|13 01 11.6120|-79 00 21.180|   13.17|G3V         |     63535| 9.09|
|10 13 57.3059|-79 00 14.612|    2.60|B2V         |     50126| 7.70|
|00 10 04.4150|-79 00 06.621|   11.15|F5V         |       819| 7.88|
|03 07 28.1339|-78 59 32.663|   15.02|            |     14515| 7.79|
|23 26 18.5430|-78 59 30.430|    2.67|G8/K0III:   |    115683| 9.22|
|18 12 46.2114|-78 59 29.932|    8.08|G3V         |     89250| 9.14|
|03 07 31.9008|-78 59 21.924|   13.13|F2II-III    |     14521| 5.67|
|18 10 13.7987|-78 59 11.626|    8.69|F8/G0V      |     89030| 8.86|
|05 12 14.1237|-78 59 11.066|    3.84|F8V         |     24237| 9.08|
|12 36 17.3594|-78 59 03.685|    6.43|K1III       |     61524| 9.06|
|08 41 19.6015|-78 57 48.335|   10.32|B9IV        |     42637| 5.46|
|20 22 41.1455|-78 57 38.897|    8.80|A0V         |    100491| 6.64|
|06 05 51.1362|-78 57 24.783|    5.47|F5/F6Vw...  |     28880| 9.93|
|13 25 10.0799|-78 57 07.526|   15.28|F5V         |     65470| 7.89|
|20 48 13.7678|-78 57 03.604|    7.47|F3V         |    102661| 7.98|
|13 31 49.2926|-78 56 38.505|   10.78|G2V         |     65992| 9.11|
|07 09 37.9643|-78 56 31.789|    2.16|K5III       |     34573| 8.48|
|23 33 00.2531|-78 56 07.776|    3.45|A3V         |    116234| 9.29|
|17 17 00.8840|-78 55 33.609|    7.00|F5wF0       |     84546| 9.17|
|20 30 01.9843|-78 54 22.951|   11.18|F2IV/V      |    101137| 8.24|
|06 28 37.9813|-78 54 20.057|    4.72|F0IV        |     30837| 7.55|
|16 33 27.4642|-78 53 49.053|   20.44|K0IV SB     |     81065| 3.86|
|23 01 29.9700|-78 53 26.590|    9.67|F6V         |    113682| 8.80|
|14 55 39.4657|-78 52 58.857|    7.96|A1/A2V      |     73043| 7.36|
|15 37 10.8804|-78 52 38.216|    7.08|F5IV/V      |     76475| 7.74|
|20 51 54.5769|-78 52 23.736|    0.96|M1/M2III:   |    102984| 9.10|
|02 00 56.7349|-78 52 12.603|   21.86|F8/G0V      |      9414| 6.84|
|11 04 21.4533|-78 52 07.228|   21.07|K0V         |     54114| 8.87|
|20 07 40.8875|-78 51 57.486|    3.92|F0V         |     99144| 8.97|
|08 46 01.9688|-78 51 36.521|    7.14|G0IV/V      |     43025| 9.08|
|13 30 23.4970|-78 51 20.479|    1.07|O9III       |     65890| 8.49|
|15 00 17.1988|-78 50 45.788|    2.51|F6V         |     73421| 9.88|
|20 03 31.7388|-78 49 50.637|    5.29|Fm delta Del|     98757| 8.01|
|13 18 24.1632|-78 49 23.122|   11.71|A7V         |     64921| 7.07|
|05 35 36.1306|-78 49 15.180|    4.10|B8III       |     26264| 6.04|
